   3.0866064e+00   2.7990660e-01
  -5.3460128e+00   2.5879726e+00
  -6.6630425e+00   1.0645943e+01
  -6.2087161e+00   5.2754198e-01
   2.8133131e+00   4.1778654e+00
  -8.0161665e+00   9.8191165e+00
  -5.7248563e+00   1.1321606e+01
   5.9816228e+00   1.9478444e+00
   3.0034355e+00   1.2968317e+00
  -4.6189456e+00   9.5026098e+00
  -7.7098294e+00   9.2046716e+00
  -7.1875610e+00   6.3520732e+00
  -7.5439690e+00   1.0002434e+01
  -3.0661732e+00   2.3529083e+00
  -7.4591339e+00   9.7035430e+00
   1.0782434e+00   2.2819750e+00
  -2.1144103e+00   3.4854777e+00
  -4.8979577e+00   1.6744438e+00
  -7.8174194e+00   1.0242840e+01
  -6.2550573e+00   9.8596981e+00
  -6.7657165e+00   9.6586501e+00
  -5.4257021e+00   9.8381106e+00
  -5.7518420e+00   1.1401320e+01
  -5.6111577e+00   2.7946882e-01
   2.7825708e+00   5.3762464e-01
   2.7391657e+00   1.8686759e+00
  -8.5321369e+00   9.0082294e+00
  -8.0238161e+00   1.0622561e+01
  -5.4048141e+00   2.8598588e+00
  -7.1624214e+00   7.9572233e+00
   5.3201446e+00   1.2102019e+00
   2.4627647e+00   2.5279925e+00
  -5.9105544e+00   9.0992240e+00
  -7.9245651e+00   9.2481417e+00
   2.5144949e+00   7.1716317e-01
   1.7472996e+00   1.7656950e+00
   2.7048567e+00   1.1505215e+00
  -3.3565045e+00   2.6360627e+00
   2.7378264e+00   2.3787692e+00
   2.7378538e+00   2.2404452e+00
  -9.7478235e+00   9.0516392e+00
  -2.3118009e+00   1.9628632e+00
  -3.0194778e+00   4.7494192e+00
  -4.3754047e+00  -1.6169787e-01
  -3.9044914e+00   3.4063369e+00
   3.1166607e+00   1.3019759e-01
  -7.7000176e+00   9.2137000e+00
  -7.6737766e+00   1.1522623e+01
  -6.3000357e+00   1.0687261e+01
  -4.8328891e+00   1.9999253e+00
  -5.9318943e+00   9.7204831e+00
  -3.7147118e+00   1.7641134e+00
  -4.1266094e+00   1.7692182e+00
   1.8610668e+00   1.4250968e+00
  -7.9078750e+00   1.1087020e+01
  -3.7467237e+00   1.9742187e+00
   3.1868690e+00   1.0566287e+00
  -4.2107742e+00   3.4753764e+00
   2.7966256e+00   4.3295175e+00
   2.9139095e+00   1.5289598e+00
  -4.3817200e+00   4.0254340e-01
  -2.8155967e+00   1.4670838e+00
  -7.6189248e+00   1.1135790e+01
  -1.4286592e+00   2.3109560e+00
  -6.2931166e+00   2.1154855e+00
   2.7115535e+00   1.9362789e+00
   3.9827336e-01   2.5451616e+00
   2.0901123e+00   3.6317537e+00
  -6.9723218e+00   1.1118041e+01
  -8.1423405e+00   1.0027904e+01
  -3.3394128e+00   2.3066933e+00
  -6.4214301e+00   1.0575743e+01
   3.6590569e+00   1.8050590e+00
   8.2852006e-01   1.6664352e+00
  -5.6317719e+00   2.4087785e+00
  -5.7066233e+00   8.5753067e+00
   4.3358267e+00   1.3642856e+00
   2.7563635e+00   4.4501236e+00
  -3.2474776e+00   3.1869863e+00
  -3.9906429e+00   2.7572001e+00
   2.3969428e+00   2.7371505e+00
  -4.2475204e+00   2.4866256e+00
   1.8883744e+00   2.1891426e+00
  -3.0924087e+00   1.4321987e+00
  -5.5139064e+00   1.5709866e+00
  -4.2750901e+00   2.6904926e+00
  -7.2030159e+00   1.1658396e+01
   2.7225974e+00   3.7989157e+00
  -5.2565089e+00   1.8336208e+00
   1.5125968e+00   1.1940870e+00
  -7.7460108e+00   8.4531374e+00
  -4.9874774e+00   1.1360135e+01
  -8.0880670e+00   9.7815567e+00
   3.0338212e+00   2.7108708e+00
  -4.0629037e+00   3.7672233e+00
   3.3044244e-01   6.6861259e-01
  -2.3411257e+00   1.0163792e+00
  -6.6360650e+00   1.1084875e+01
   4.1262835e+00   1.4593748e+00
   4.6764461e+00   4.1939795e+00
  -2.9002536e+00   1.1919850e+00
   1.2517872e+00   2.3216798e+00
  -2.1683260e+00   8.5454407e-01
  -4.4522122e+00   2.0285980e+00
   3.7759870e+00   3.6742887e+00
  -1.8837749e+00   1.2567769e+00
   2.9746218e+00   1.3693053e+00
   2.8472600e+00   7.6261233e-01
  -3.5658114e+00   1.1568875e+00
  -5.7687138e+00   1.0073658e+01
  -3.0866378e+00   1.5556337e+00
  -4.4136987e+00   1.6462368e+00
  -6.4581618e+00   1.1032945e+01
  -4.5259761e+00   5.1203272e-01
  -4.4692505e+00   1.2064467e+00
  -6.9221284e+00   1.0333831e+01
   3.0218903e+00   1.6751682e+00
  -4.9493794e+00   1.6217494e+00
   3.9857284e+00   2.0895390e-01
   3.7388685e+00   3.7791891e+00
  -7.0888723e+00   1.1422944e+01
  -7.1767669e+00   8.9923094e+00
  -6.9679194e+00   1.0459637e+01
   4.5501893e+00   1.0926428e+00
  -4.9141933e+00   1.0874257e+00
  -5.1624795e+00   1.0476651e+01
  -7.8461254e+00   9.7894956e+00
  -6.9340876e+00   9.4196124e+00
  -3.9187243e+00   1.7346175e+00
  -5.5140958e+00   9.3925340e+00
  -4.4773952e+00   1.8203122e+00
   3.0366866e+00   2.4817527e+00
   1.1831572e+00   2.9212531e+00
  -3.6162630e+00   1.1830091e+00
   9.0624063e-01   8.4558896e-01
  -6.1645611e+00   9.3921960e+00
  -3.1909029e+00   6.0879804e-01
   1.1399937e+00   1.3240069e+00
   4.4614545e+00   2.8838043e+00
  -7.3972094e+00   1.0214537e+01
  -4.8217377e+00   7.1079167e-01
  -8.0380753e+00   7.3128338e+00
  -4.4504218e+00   3.1529690e+00
   1.9950473e+00   1.6639205e+00
  -7.8924460e+00   9.6935071e+00
  -5.4987422e+00   5.8399479e-01
   2.7386857e+00   3.5730553e+00
  -7.9337205e+00   8.6218616e+00
  -3.2690422e+00   1.0376433e+01
  -4.0598465e+00   1.1809659e+00
  -3.3773093e+00   2.2242553e+00
  -9.6353100e+00   1.0261754e+01
  -3.3346007e+00  -8.0297170e-02
   2.0799046e+00   1.1193966e+00
  -3.0470469e+00   1.2736034e+00
   1.3742838e+00   1.1595005e+00
  -3.5687714e+00   1.0379807e+00
   3.2031669e+00   1.9534009e+00
  -3.0294387e+00   3.1194261e+00
  -5.1151089e+00   3.7166353e+00
  -3.5003751e+00   1.1782983e+00
   2.9807322e-01   1.8939618e+00
  -2.9614922e+00   1.2140522e+00
  -4.9313132e+00   1.2981737e+00
  -5.9161247e+00   1.1386757e+01
   2.3238534e+00   2.5036970e+00
   3.1359288e+00   9.2817012e-01
   2.5805049e+00   2.3599214e+00
   3.2833414e+00   2.5820209e+00
   1.4488621e+00   3.4808436e-01
   2.6131588e+00   6.8447271e-01
  -2.5707384e+00   4.0067534e+00
  -8.2768575e+00   7.9629674e+00
  -8.0071811e+00   1.0494277e+01
   3.1240145e+00   4.4240943e+00
   4.6312722e+00   3.3700292e+00
   1.7696423e+00   2.2780000e-01
  -7.0737988e+00   9.3055692e+00
  -5.2703698e+00   4.7213791e+00
  -4.2467765e+00   3.8585347e+00
  -5.6383361e+00   1.8636953e+00
   1.9804438e+00   2.5691222e+00
  -5.4234757e+00   1.0688961e+01
   2.9223225e+00   2.2919367e+00
  -4.6383073e+00   1.0700051e+00
   2.0195119e+00   2.6721184e+00
  -6.5577636e+00   8.3097496e+00
   3.9227310e+00   9.8266211e-01
   1.5226241e-01   2.9469942e+00
   1.7814308e+00   9.4897654e-01
  -3.8204486e+00   1.8439225e+00
   3.6387750e+00   2.1639511e+00
  -2.2220514e+00   1.7418126e+00
  -3.8982704e+00   3.3110870e+00
  -4.8514763e+00   2.4350478e+00
  -4.7080221e+00   7.8467843e-01
  -3.5185163e+00   1.0640300e+00
  -5.0312679e+00   4.0179248e+00
  -4.3291184e+00   3.2343431e+00
  -7.0996227e+00   9.7617057e+00
