4092 3928 5701 3930 7515 3308 7255 4905 5561 4841
4784 2389 8212 5594 5925 1447 5102 3964 7929 5212
3997 5681 7814 8182 4681 4136 3708 7222 4148 3962
4659 7471 7625 8574 6631 2371 4490 1636 8170 4570
4114 8225 5643 410 3373 2762 5240 8832 528 7205
5744 8424 8096 1462 7161 1610 1801 2476 2699 1296
4671 7185 7133 4133 4354 6622 8426 1760 8268 6655
5166 1915 7365 8400 7420 6083 8295 2006 1829 8508
5140 6521 3166 1173 6809 4828 62 4551 2793 6250
4562 1691 4551 3132 7534 5210 1742 1658 1745 2181
4664 3219 405 254 6209 6262 8621 4206 4812 5803
5716 5701 118 815 8803 2331 8891 431 8718 347
6206 7989 3463 8529 4497 4655 4788 4234 839 7380
3866 3499 3373 1848 7795 6251 999 4958 2161 5885
4534 7456 5721 4007 5093 3797 1759 5580 8512 8031
4867 4884 1683 6387 7064 4087 1215 7828 2113 3760
4809 1117 2521 1815 3863 7698 2837 6766 7993 8409
3881 3989 6521 4819 1173 4287 4295 1116 5519 3463
6184 1441 8434 2940 6804 4003 2280 6903 3620 4910
4163 1628 4723 7425 5884 6181 8095 8421 8302 8524
5608 5793 3361 8165 1927 2039 8073 7238 1609 8544
5711 5325 7204 65 7542 4693 239 2655 6131 4340
5034 1419 4227 6601 2245 6736 4497 7366 7429 7134
4475 4391 5187 8259 8497 8514 6292 2379 4392 7163
5556 8059 6507 4547 6743 5616 5298 5125 3559 387
4510 640 3360 4957 7042 6748 1230 2113 6234 6514
4315 2064 4040 4500 7095 3060 4716 2154 4997 7271
8779 8544 8513 5309 3802 6369 3883 5039 5146 2042
4692 8769 5340 3378 6003 8779 7948 3503 2938 4546
4892 4513 8026 633 5308 6483 7120 1321 6484 4714
6028 7536 4326 8388 2211 6161 6013 5115 2079 2965
4718 6248 3947 2501 3061 2821 5527 5170 939 1122
5792 2733 4492 947 6911 6921 3300 3223 2839 5136
5171 3479 2686 3150 1762 3018 2507 4116 4090 5601
4111 1780 416 6744 4198 8524 1304 5884 3941 3738
7119 1318 6874 5336 1824 7823 2468 463 1873 814
5771 6091 3428 1071 5912 1975 7227 5400 1892 3490
4575 4098 8282 5102 6207 6583 4010 2397 965 7324
4934 7347 4516 1773 2252 4560 5850 6408 6623 6891
4217 4465 7279 1701 1114 730 6856 3198 1898 2939
5806 3355 1436 6665 1153 143 6478 6818 1344 7898
4711 2050 7032 621 1737 5823 2888 6139 1259 798
4961 716 6878 65 1483 586 1480 1474 7589 4824
4078 2113 7042 2042 1665 7657 1721 6827 6780 2924
2912 8091 8074 5509 5143 7811 6407 4871 4039 1504
5054 400 7805 4088 161 7090 1240 4299 2439 2267
6205 7851 2665 1753 1854 1483 6152 1480 6236 8387
5165 2216 7504 5933 6241 5086 1855 4010 3964 1039
2074 6257 6169 795 2305 4891 5093 8959 2751 4866
4268 912 1644 6608 7792 4413 4327 1949 7277 3147
5946 2007 5576 6103 1981 5965 7924 1474 3297 5261
3880 3879 5910 3589 7853 3558 7832 2048 1065 4586
4488 4112 5615 4570 5054 537 4859 7090 5128 4402
3989 2213 943 7228 4623 3881 2612 840 3474 1466
4915 4921 6023 4500 5717 2920 1006 6013 8494 5627
4033 7025 1355 5088 7480 61 4088 4550 7005 3019
6086 7171 3809 2985 5320 3718 1087 3948 6249 6119
5437 5297 4529 4052 4713 978 4556 3540 7452 3526
5707 5649 3773 7261 2129 4438 1694 3801 3268 4047
4556 5497 7382 8068 6252 2277 1634 7654 2594 3130
5996 6951 6943 2703 891 368 995 2876 607 1599
5574 2707 7411 679 1981 1967 1986 6547 210 2689
6257 4819 5357 4647 7503 143 2066 2114 2082 6741
5306 7793 1412 5709 3745 6032 2781 1164 7499 2283
4656 2057 2030 7027 484 278 7458 1360 2652 3120
5518 6803 4684 1141 7444 1249 7957 6462 5714 7194
4630 1127 2866 7009 4335 2139 7251 6382 3466 3584
4584 5163 1521 8020 1878 2789 4426 6968 6000 7393
6006 1380 6119 6661 7673 8752 6166 7013 6992 4452
3994 4389 8549 5342 5119 7355 8507 6114 2177 2614
5305 1308 7787 6917 3942 4058 3789 1120 3595 8256
5470 4938 5801 3758 5346 5490 6112 7050 6955 6256
4938 1135 4789 8396 6050 6322 6665 1263 7000 1790
4652 3036 4883 5354 2142 7534 5569 4366 4434 8990
6009 793 386 4432 7312 2495 8015 2874 7599 1465
6108 5537 4479 5505 38 2763 8806 2577 1285 911
4504 3445 6472 2026 3679 8493 7526 1641 7461 4231
4721 7812 2932 7028 764 2757 6673 3405 2742 1531
4806 2993 2731 8431 2005 8758 8039 8249 4794 8603
3998 5943 904 8139 1633 7683 5467 4947 6854 2238
3996 8129 5839 7020 4614 3082 4403 379 2927 1167
5578 8036 7519 1310 5798 3412 3045 6654 7710 1478
5904 1647 7854 418 5138 4442 5238 5268 1627 8567
4589 4880 161 5253 2439 7665 1533 1565 5099 3778
4034 3507 6293 6642 8436 7904 7490 8284 3909 7207
6258 7447 6569 1162 1910 6790 5776 2934 8606 2449
3487 3125 4714 6481 3983 67 1452 5889 7472 4640
8828 6875 7601 273 2438 8651 8450 1330 992 7615
4922 302 3267 5078 8225 5950 7210 7619 1455 1526
4878 4226 4904 2108 4951 6731 977 4502 18 4786
4040 5362 4395 1764 3026 1264 889 7395 4644 2229
3425 6695 4633 4725 82 5898 5688 6513 1739 1176
5390 7488 1406 6082 1989 8820 6663 5175 7201 1359
4707 4332 2100 4443 5195 4435 7919 4940 2280 4655
6100 3893 5699 5781 6134 6660 982 5202 6755 2040
4133 4108 4671 5222 6622 3940 4673 999 8421 7970
5773 1004 917 8196 6641 2192 3052 5923 2782 2508
4595 8140 2479 7898 674 639 5037 4514 5806 5925
4302 4154 8450 7927 5019 7996 3049 6181 4111 2303
6214 7496 6611 6257 2165 1388 8372 867 6976 8378
4118 6642 23 8894 5079 3513 5070 7069 80 2548
4289 8316 6150 7375 752 3467 6869 2801 6106 5406
7767 1890 6134 2040 6755 6627 3954 269 2967 7286
5669 7986 1511 6253 2705 1178 6433 504 721 2035
7778 1899 358 5754 1047 2815 7998 6636 681 4535
4203 4562 5210 2181 7495 7652 1614 2029 1802 7410
6839 3186 1463 6033 1341 7397 3751 8389 1019 603
4127 4132 4042 2675 3052 2494 4443 534 5834 6730
5175 6082 6601 5390 1419 4525 1029 7201 4468 7366
5397 1516 3259 2837 6904 8347 4196 2370 5208 1867
5104 7268 5542 1615 4546 1460 7545 7943 1462 7240
5667 5730 3531 3728 5696 2358 1495 3984 7539 7702
4889 3501 7371 5434 7612 4996 4836 1435 4829 5315
5978 7415 5976 1870 7177 8911 1875 7524 8198 2845
4211 7727 5989 1865 6447 458 6171 2349 1164 1740
4951 4930 4974 4878 956 7938 2108 699 4904 4842
5401 5802 245 4101 1587 1829 119 3650 1429 6663
5697 7221 5251 5309 2905 3117 5488 6795 4750 2700
4230 4860 7214 3571 2247 1122 694 7612 6328 1648
4374 4395 765 2513 1468 8129 7020 6798 5517 7454
6143 8459 4731 4820 4165 3234 5426 3604 5234 4641
5710 7037 3479 5169 5093 5332 830 4513 1712 6913
4696 2550 562 763 7799 7950 5224 4303 4774 1667
5120 5197 8409 4294 3519 913 447 4869 2191 4242
6558 5881 7400 6483 8813 2355 2804 1168 6543 4606
4836 3511 4889 5772 2728 7368 1217 3254 6328 1897
4351 8386 4196 1487 1971 3494 3090 6809 6766 2736
3074 4824 6045 3858 1308 5785 3891 3733 7787 2290
5024 1043 3871 5234 7258 8446 5082 7293 6394 4165
4644 2229 3492 6367 7768 1636 6798 8054 7782 4374
5156 4717 1429 5994 2463 863 7045 508 6825 3411
4408 3227 415 2748 4427 4066 6372 7658 4984 4449
4517 1675 5840 4579 8341 1764 2697 5263 7605 8386
4189 4165 4045 1221 6131 4378 7161 228 7162 4076
5108 5097 5648 1739 5914 7277 4339 6688 5900 4923
5207 7024 4551 1299 3240 1746 7350 7461 6800 2088
5209 1676 6256 4697 1575 3333 3196 4862 4869 844
4799 4778 7804 4771 4298 5755 1027 4868 901 523
4150 430 3399 1134 7648 6372 8073 6852 7657 1609
6193 7884 5040 7698 2959 4135 1999 2998 7795 4196
4559 3032 1628 2459 2385 4108 7425 4629 7896 8978
4804 2321 1203 2177 8663 8390 8658 5631 5434 1485
5652 4865 4017 2185 5641 4889 1507 4201 7446 3882
4253 2138 2035 3435 5894 5982 7833 2215 2751 3689
6146 4455 8977 3004 7541 1043 7291 8244 2272 3670
5503 4429 2243 4699 7391 3373 7544 2281 1770 2531
4054 3914 7100 1381 4115 7011 4350 3902 7114 7651
4122 8944 6290 6466 6714 5186 6726 765 3851 1323
3670 6495 8977 5615 5317 571 3472 1642 6341 5030
3943 735 6609 3190 3614 4958 2319 223 3564 2762
4965 4941 4754 6845 8685 6552 1163 4013 189 1203
6083 5733 1915 6343 2433 6223 136 6739 5166 2442
3973 5419 1160 5412 4839 3046 2467 7823 702 88
5062 8082 7625 1726 6635 8154 1337 5035 5932 8866
7639 1860 4126 439 3875 6430 937 8199 8908 4655
4716 7162 1733 6623 7206 5086 648 1710 8399 6630
4105 5473 2538 791 1107 4678 3537 5613 3027 3306
3931 5084 6284 8700 2377 4609 4668 7461 6595 5129
6200 1041 1471 1045 6255 6059 6263 6881 3626 409
4924 1864 4905 7645 4220 7952 7892 5789 4967 4982
5226 4487 8537 5883 6821 2850 6974 6107 7589 1062
5119 600 7937 7221 4311 4409 4039 1485 1504 5313
8443 885 1545 1981 2940 6709 7411 2292 6466 7480
6255 6059 1041 6265 1046 6761 6199 7490 3855 5970
5553 7220 2943 2102 8532 5391 4355 6097 6334 7758
6097 5553 2116 8511 4355 2658 7434 8532 3100 402
5070 4712 5079 8267 4733 6642 8233 2135 3496 4123
4322 4311 7328 4546 8353 3177 5308 1941 4431 1479
4843 3024 4865 1982 7214 1635 7158 1850 1648 8237
4340 5162 458 5009 4247 4632 5637 577 5157 2530
4920 8508 5663 7220 6171 7242 1740 5642 5168 1526
5149 4448 1724 4945 6113 8815 3911 3718 2413 8410
3952 7978 2096 4431 2949 6738 5992 3129 1470 1603
5709 8627 2319 3452 1052 5899 2121 8102 6554 7221
5676 860 4454 4060 7218 1810 8116 2947 5077 1219
6008 7240 2702 4407 656 8932 1550 110 2973 1793
4379 4383 8853 4008 8397 6431 7207 6642 3913 4941
4259 8576 6761 3439 4874 998 7869 4889 1754 1277
4453 4050 1645 8492 5421 2756 8063 4491 4066 8090
4555 3996 1150 4609 5100 7607 5103 5252 6322 5627
4772 4761 4753 4834 7984 2231 4930 8034 432 7086
4102 245 119 4618 2413 4101 1010 1857 983 4641
6113 6665 2171 1344 2959 4353 7942 5885 4641 8196
5436 5776 8973 1173 2786 5270 2449 7109 8606 7247
4161 2747 1741 8060 6779 7959 1753 1241 8386 1148
7771 3428 6863 4562 1310 8512 5310 2868 3393 8323
4329 3269 1485 5310 802 8549 2725 342 2928 2856
5828 8081 4990 6053 8698 5073 3771 4799 5760 2197
5655 8468 1481 3187 5181 2045 3693 8324 404 3640
5722 4223 3998 8870 6070 2369 6038 7776 2238 164
4770 7004 619 4720 3443 1205 1376 6188 3038 511
4791 1502 7668 4528 7411 1981 6916 4126 21 2529
5356 7612 2318 2170 3487 5004 5889 939 14 2721
4962 2998 3929 4377 1876 7884 7075 3591 7970 1136
5619 2271 7728 4979 3568 6829 7940 6895 8475 8172
4337 5016 6199 5909 1046 3855 717 1453 4516 7753
4688 2745 4683 5382 6842 3727 6832 4290 4066 3674
4827 4212 4448 2012 6441 1826 336 5666 1266 1144
5613 3537 3403 3345 1644 6800 5126 3629 272 5783
7487 1503 4596 7962 2981 5484 7600 7984 5262 1670
4567 4391 4465 4305 4392 8550 5119 7045 59 3660
4172 8358 3160 1766 2368 6171 4038 8602 2442 7284
4744 3940 4133 5895 6582 4635 1760 8941 7942 4443
6203 5534 5178 8757 8442 5770 507 7206 7226 8953
4535 1679 7447 4095 3784 7060 846 4433 188 6636
5761 4381 8414 7624 1726 7625 4110 5035 8567 5238
1498 7478 4044 3114 6321 4257 1725 6545 2517 5181
4968 8298 2846 1490 3947 2583 1585 3150 1634 8823
4810 4905 4444 3015 4202 1787 4020 8136 3945 2469
5603 265 3281 3375 6960 846 1356 1849 2672 6170
4428 5873 8134 8422 1755 4345 8252 4045 8764 4719
4433 1108 4033 1888 6288 2731 1185 7480 5879 5179
5042 6171 8523 3389 1556 163 7793 6447 1164 2102
5604 4509 6736 1401 7456 6671 2245 4898 6320 4050
6192 4849 3608 8772 1739 4186 8036 8030 3546 7988
4976 7540 7164 2531 4588 2582 8826 2085 3788 3275
4669 8529 2494 4127 6350 4661 2171 4234 4353 98
4937 2039 7702 5662 7647 1042 8602 2236 2306 5438
5554 6877 6039 5442 4802 462 1093 1313 6767 1642
4021 3145 5555 3160 5082 4278 2045 4018 5747 4900
5012 5043 2172 1203 1485 7561 5275 4835 1963 3133
4898 4208 7220 70 3448 5553 5225 8126 5789 1401
4185 4987 1073 3639 7596 4010 3888 4174 8253 4179
4901 6255 1754 1045 1620 8286 5659 1897 3707 5999
5316 5688 8468 1481 5482 1797 2684 1656 2909 3954
4056 6419 1750 4115 4063 8865 634 8406 96 7399
4583 7912 7160 5961 8074 2956 4613 2709 1008 4423
5986 8138 186 5351 2257 2497 7846 2502 7292 735
5168 7398 5095 1740 4145 3429 4920 5663 7220 6171
6035 5040 3191 4124 1156 2998 6280 3591 8426 8229
4430 7540 7220 2102 8850 1391 6696 1909 2082 6137
5492 3407 5337 4018 7825 5756 325 5483 149 8278
4682 287 6280 6576 2013 4262 6035 8439 4846 2132
5317 6495 5441 2746 5253 6095 5410 374 7755 370
4969 4935 4885 55 797 407 615 583 176 7207
7631 8370 7583 1022 1517 1638 6188 2389 7738 4892
4658 6424 4600 5195 3918 5214 4443 4164 5222 4032
4959 4972 5386 3338 1474 8263 1100 2650 3070 7022
4950 4998 3949 5005 3984 4990 1068 8612 790 7336
8133 1059 4124 5207 2013 3705 5000 5628 8326 3554
467 7653 764 8279 2896 929 638 1531 856 2521
3608 4546 5104 5351 4334 3371 7840 2476 82 4279
4099 6923 3041 4198 4336 8439 4366 4671 3666 3738
5052 3795 6992 7065 3139 2773 3786 2813 2858 3568
4844 3117 1762 4321 1761 6845 1974 303 2069 1282
5297 5437 1212 7823 1307 2036 5692 1957 8038 6974
4197 724 5105 4063 4144 7834 7126 3832 6071 1116
4314 189 5332 1203 3004 3479 3693 3983 4953 4714
7069 377 4766 8456 29 8407 5259 8413 1590 4768
4579 7748 4351 5840 1916 4517 7248 1971 1790 6916
4749 476 1074 1807 6805 2565 8141 7380 633 4270
7095 3741 3041 7432 4251 148 4366 3378 4201 7707
970 6976 8218 58 2147 206 6679 2136 7552 8362
4641 4032 5426 3604 5040 3844 376 3903 4618 8583
3150 1995 5155 4481 2685 5180 5614 6374 4500 4609
4871 5509 7167 3523 2193 3096 1226 2876 3801 6951
4715 1441 8434 3100 1456 6184 6764 3635 3975 2551
4516 5247 6623 8301 170 2087 4076 6575 5290 7100
5490 2770 3053 6955 1193 3407 2893 2170 7158 5470
6077 5102 6677 1290 1073 3238 1956 5925 5594 8212
5649 595 2609 10 6662 2954 2002 1002 6693 3269
5523 4678 4709 5300 4100 1716 1244 6099 3568 6734
5143 5617 4654 5622 6292 3690 298 4569 7982 7260
4660 8098 1679 6516 8760 1651 1192 6413 8563 7517
5800 717 1437 3855 2539 7825 149 3256 7337 175
6087 483 7943 8709 7148 6843 4447 5416 4750 7737
4420 3618 4167 6988 1481 46 8850 5887 6300 2018
5505 2757 7028 6673 5346 6902 1287 7021 1285 6905
4853 4224 7765 697 6495 6439 2575 4875 1904 3853
4769 8234 4780 646 8113 3615 2500 1718 8926 2581
4053 1705 7649 7720 6373 2359 1661 2755 978 3536
4258 3697 7669 8625 5548 7999 7949 3562 1844 5210
6260 8256 6519 1189 5763 3757 1072 142 5881 3188
5751 3732 3372 53 6855 2898 5729 2731 7480 7649
5570 7284 3051 6983 2790 2058 7197 3792 4800 973
3616 6657 6020 6072 2294 2333 7026 7050 446 4613
5001 4252 7945 2012 8248 2465 1270 6932 192 2617
6096 1982 6756 1382 1850 3974 4089 8237 4908 4843
6187 4909 5681 1472 6846 4337 4899 7612 1453 2353
4342 8467 1059 3304 5017 3445 3565 4565 1256 4910
5348 4035 518 5543 7267 2768 3257 3321 1708 4645
4009 3894 7248 4629 5356 2274 4397 4579 4945 2965
4106 7745 3885 6483 4700 3261 8879 7901 690 4300
1321 1256 6534 7330 5435 2166 7708 8429 8813 5384
4551 7824 2559 5207 7350 1506 260 6264 3989 1059
4171 8439 1714 1763 7564 4111 4354 8426 4671 2166
4714 4314 1697 7855 2569 1254 6481 1268 3761 7084
5026 2753 8195 600 2109 4431 7 2445 4654 2271
4088 8818 7852 4859 1379 7090 6653 2267 5466 2814
5798 2264 7519 3259 884 3456 7502 7257 2196 1730
3964 5388 2389 7738 4334 4514 5882 3608 1438 5566
4164 7199 6584 5358 5282 4141 1626 4647 6687 8833
5068 677 7972 5100 4187 463 5081 5467 814 4298
5151 928 2517 4096 3114 8459 7676 8754 4284 1608
6170 422 846 7058 1622 1162 1356 4617 6636 1598
5823 8099 2200 3821 6641 3441 4711 4274 7077 1259
5957 8122 3463 5918 3656 2234 2047 4680 6920 2110
4662 4439 4016 7287 7290 4533 4388 4425 667 6935
4690 6265 8977 6200 1045 6255 723 5118 6877 1984
2069 4750 1460 7875 5697 3117 8820 4468 4844 1913
4273 5438 7280 6359 5645 1131 2964 7864 5319 3359
6146 4242 3053 7646 5292 3006 3670 7964 5209 3333
4176 4887 795 5682 721 367 143 8899 4647 1133
5036 4094 4358 5536 3929 3915 4361 8605 8849 3903
8770 5637 1225 1865 2154 7449 7076 4430 2452 4418
4818 1855 4377 3875 2216 3863 7884 7675 7455 439
5743 5482 8468 1481 2684 7800 342 5631 2725 6695
3109 5022 1136 4090 7701 7578 5825 7081 3638 2965
6054 4655 6184 4003 480 2280 4443 7893 3715 1441
6131 239 3496 6206 5260 3832 228 7639 6432 839
5509 2983 4871 5245 1905 3520 7641 1940 3523 3763
6157 5760 5073 1239 479 180 2163 6383 6849 2931
4241 5561 7275 5325 1454 1604 2864 5245 2734 7558
4321 7486 4844 1761 7098 6385 6842 2706 1218 166
5216 5080 5076 7112 2401 664 1095 8467 6439 2575
5155 7630 5614 2041 320 5191 741 5484 3939 1298
4783 4625 3115 4775 8006 4819 1116 6459 4363 7405
6767 1897 6881 4713 3511 1431 3130 7654 1217 1668
365 6053 4993 2003 857 6403 4352 7642 2678 8080
677 1180 5106 5068 6409 3998 1936 2787 1269 8996
5141 4295 8279 1531 764 2213 8285 3474 6809 5902
6763 8254 2021 8260 4954 6651 5257 6792 7510 1588
6442 846 5662 2796 4905 2779 333 2850 7914 3580
5231 4757 3949 1469 3213 6454 1391 4771 3163 336
4094 3929 601 8888 3903 8941 5536 4032 4015 6316
5067 8184 5839 3996 8101 7873 4233 8488 2737 6517
5474 92 32 4550 248 570 6404 7842 8696 6799
4634 7559 6379 4907 7653 1572 3461 7452 966 2266
4758 2776 6957 4488 3778 1031 4509 6818 1337 8488
4199 2431 8707 2844 3789 7240 8513 656 2702 8601
4549 2712 256 7189 8600 7158 4895 4502 5142 3840
5622 5143 8489 7811 5617 1450 7032 1259 2908 1458
7147 6613 7150 2805 4149 5473 2125 2949 8464 2329
4840 8757 5293 5109 5446 1997 8375 7254 5534 7157
6023 7806 2104 2079 8388 2201 7825 2073 6300 1677
4400 759 6054 7437 2655 4719 288 8174 3861 1629
3930 3928 3534 7203 4243 6497 7167 4916 6526 1930
149 7825 2658 2608 6073 7250 7713 5979 102 6858
3948 2772 4401 5743 6621 4207 2221 3864 4101 8482
782 5956 7182 7239 2949 1908 2699 4431 8530 385
5769 4203 2246 7300 3374 3148 4674 5077 7997 4381
4141 6614 3963 8196 1414 3502 5857 30 5094 1626
4095 4897 4417 4550 4924 2055 1518 7636 800 5383
5396 3480 2691 7544 3307 349 6523 2958 2281 4480
5699 4253 2887 1173 2056 4018 7455 7003 3119 8751
4839 702 848 998 2477 2573 88 3054 5386 6217
5017 827 4565 2526 2183 8445 1059 8422 4609 4621
6189 2041 2465 8248 7630 8656 557 3170 5804 6906
5725 84 522 4928 943 2406 2612 310 7603 3810
4546 4530 2832 1589 8658 4311 830 3766 1485 3123
426 2640 3581 3592 7079 2103 5944 700 6031 7864
5601 2422 8999 3651 3479 6484 1194 2738 2568 5049
4945 8410 5215 5232 4397 1826 8411 4009 1819 2110
5061 5482 4971 1391 8323 6224 6841 863 2684 3428
5659 6023 7250 2608 8159 8476 149 297 2299 8211
4180 4731 4165 5426 1686 7361 4820 6658 7161 3234
4326 518 8371 519 810 6034 5064 3851 5128 1031
5080 6675 5072 2037 4813 5559 5076 7890 3347 5669
4996 5434 4889 7371 60 2071 2945 3571 7119 7695
6076 4184 5079 3507 3111 2481 3396 7352 5262 57
4157 8397 5838 4008 8134 1014 2506 7759 6991 1755
4484 5658 5671 2008 1275 5905 430 4445 710 7663
5126 5783 5613 6529 3027 8621 2947 5244 3120 2030
5794 7786 5787 461 1245 2839 6538 1923 1142 6915
6272 4558 242 7636 7871 1422 2239 1928 5827 4265
4551 4330 5182 5207 3445 1746 3679 7461 3240 7824
5737 1348 3210 4433 1888 5729 6288 7093 5410 6422
4448 1724 3911 3912 435 4023 8410 3981 4641 3894
4998 5009 5711 1829 5694 4757 3489 4961 5907 3228
5197 8123 2159 4869 1480 6211 6047 5120 3751 7019
6181 6139 8421 4723 4864 7700 6738 1304 1780 1628
5301 3771 4427 1184 1880 3139 4050 6464 6518 2703
3924 958 4361 8889 4012 8616 4011 3917 126 4313
4124 8439 903 4354 7675 4377 5236 2604 3191 6655
6203 4533 7128 7620 6950 6312 6967 4527 4439 4263
4866 4792 5010 4633 1759 6708 2074 5993 6569 8403
4143 6819 1383 6576 7204 4641 3916 6907 5221 3650
4814 1402 6327 5743 5800 767 5893 3312 3682 3733
5345 5335 7811 7945 1604 6104 6132 5153 5992 7782
5049 7872 2149 2069 3651 7645 5601 888 6055 1869
5705 2125 6613 4082 5065 8080 2490 6917 6038 7972
3956 2322 8644 7217 2011 293 1654 332 5103 5822
5201 6668 1352 3840 3325 550 2565 7945 7834 8129
5424 4617 6122 491 995 4532 7690 7547 2703 3317
4447 7512 4523 491 4491 5416 8465 8766 3128 7456
5681 3997 6187 1046 6199 740 5189 3103 3640 1431
5459 2365 8868 5464 1661 1924 8090 7649 2852 3176
5552 2315 2718 1823 2739 7550 5299 7669 5415 2795
8578 6700 369 3933 4348 6345 5204 644 3024 2001
5783 3120 278 8621 2652 8217 8850 2057 3715 6727
1564 2453 7820 5523 314 317 1280 1543 3031 2461
4043 3429 1079 5309 8251 5169 6351 8682 8512 5251
4823 4886 7877 7347 2068 6254 1024 4832 3179 2031
4999 5006 4974 4904 4365 3897 91 5491 5487 7107
5030 4053 2816 2595 5216 664 5970 2705 5498 5437
4609 7157 1824 3026 4516 7572 7625 7600 1503 5874
5035 3319 8567 7854 5062 5127 8082 8456 4597 4768
5900 5108 7257 1977 1064 8474 4849 5897 4244 3165
5643 262 1526 6426 4114 3542 4588 7151 8225 5959
4954 6378 4793 4122 8498 2441 1123 5077 3665 3184
4681 3835 4148 6728 1877 6988 5264 6568 5907 3685
4515 6749 244 1235 2678 7448 3020 2433 8234 5736
5894 4789 2005 6433 5094 3421 4910 4253 4324 6787
4786 2252 8037 5501 4082 8014 4502 4878 4842 7984
6026 7558 791 4237 1465 5347 5802 2538 5946 3328
4065 1429 7558 1680 3615 2881 646 2500 3086 1465
5602 5377 6638 1387 7263 6176 2854 4581 3232 2112
2104 4558 7806 1170 2047 7211 1181 8122 3881 4662
4237 8289 6026 5206 3079 238 7558 7666 4682 4096
4311 5631 1485 3087 3198 4393 5743 2177 8549 7335
4885 4969 4935 8223 6221 8103 1794 8129 5204 8499
4943 4963 4896 4992 5372 8100 4878 5365 4904 5013
5309 5697 4563 5488 984 3745 1412 8528 6426 1865
6223 341 2660 244 2678 1428 4515 558 4717 4290
4491 4523 2733 5093 4447 5721 4258 2738 6915 2891
4730 4174 1739 4179 5108 8253 953 4571 6188 82
3754 4206 2783 3035 1522 7367 420 2414 8313 4664
5129 7487 7158 5128 5047 3018 8317 6818 2170 4843
5179 5436 8392 3281 1677 7649 2380 322 6793 3242
4115 3865 1381 2549 5863 7133 6689 3914 4123 6419
4974 4999 4951 4904 91 5491 5006 4878 956 2108
4130 7142 5850 7206 7110 4415 6596 8452 7967 8833
4517 3109 8797 2747 4579 1490 1675 5775 8026 8189
4530 1513 7599 1479 7102 3735 1673 7560 2964 1684
4845 5242 1863 6927 7334 3078 1003 3110 5966 1101
4537 2817 7986 8024 1749 1539 504 5177 4637 2898
5160 4164 5778 6422 5155 8049 417 1904 2551 2541
4987 4185 6188 1194 6249 4720 1073 4339 4244 4770
5801 7364 2449 3184 6709 8373 3405 1605 7050 7835
5258 2706 5558 7710 2199 2025 2708 7538 7550 868
5002 4850 7384 3066 8496 3552 5129 7716 4579 5797
4699 4408 6879 1169 3733 5057 5721 4750 6663 4283
4261 8439 1714 4124 7095 4610 2316 8133 3589 4099
4449 2928 4486 4508 4058 4307 4066 5305 754 7442
4857 7931 3781 6677 1290 6809 3880 8013 4907 3238
6213 2953 6278 6259 4207 8273 3957 8288 1055 6827
6112 5682 526 1747 5719 4933 5135 1193 783 2751
5631 5743 1557 196 2177 4311 3123 4921 1481 5717
5689 4987 4185 4339 7685 1073 6836 4246 6249 3011
6104 4709 1716 2096 7292 1450 3458 8851 6600 7978
4378 7582 7206 7635 3513 8857 1750 3914 7226 4354
8027 215 2803 8108 6725 7955 7197 660 833 2058
4276 1522 2783 2045 8203 3780 4397 5482 4009 6892
5484 7487 1889 7718 6906 5155 1569 7767 1503 1890
5687 8389 6065 4251 3205 1463 3187 8265 7790 334
5614 1747 6818 7905 7604 1337 6233 6667 8290 8488
4128 3663 8815 670 2695 4313 3704 6559 3938 4663
4637 3343 4537 5197 7986 2817 7960 6050 1749 1328
5191 3089 2605 7253 1803 8469 3864 99 4614 5839
4397 4038 7696 2018 1508 7687 7352 7405 7490 7483
4904 4878 4786 4974 5368 4930 4226 4842 2108 977
4678 4709 5523 5300 1716 4105 5811 7676 314 2805
5612 4957 4537 1522 7621 4506 8966 5078 5607 1570
4750 4526 6372 1134 4475 4513 843 6319 7798 2256
4986 7637 4977 3197 7029 5059 2873 1616 6801 7423
4495 8846 1566 8241 3063 8234 5206 3724 3643 5411
5716 8803 2331 5706 895 5724 8629 6 391 8626
5308 873 4892 1197 6884 4530 4311 8549 2321 1485
4560 6891 1041 7056 4049 7385 4116 5886 5303 4823
5081 7707 4043 5610 508 7441 2463 7584 1625 2792
2953 1690 163 2254 5782 4066 1645 1559 8512 5343
5298 6413 1192 4525 2439 7511 5302 6507 846 2788
5680 2751 5248 7473 6809 5776 1397 526 5436 6835
5640 1899 1646 5590 3536 343 3104 7382 2016 4713
4244 4987 1478 7013 8485 5558 4210 5897 2025 4633
5564 5386 4839 4959 2625 4972 5571 8130 7581 4727
5489 1702 6092 1452 5578 8026 3664 2359 4902 7517
5829 3821 2200 8099 7338 4833 6641 6678 6246 4085
4713 7452 6516 3271 6385 5437 3173 1042 1435 1668
5959 6019 6155 1008 3415 3388 3448 2360 5184 5432
5121 5113 5223 5136 5219 539 465 1159 5392 2979
3614 4311 709 1903 1009 2446 3672 2043 3739 6297
5225 3283 7456 4497 7203 4898 1930 2245 2178 3164
7732 5902 5182 7511 1049 7842 5000 1385 3140 1303
5561 3763 5245 6104 5001 5246 4241 3390 3308 1346
5388 3964 7192 5566 3433 7631 6751 2251 2093 2182
4214 7341 8820 3669 982 1359 8497 3201 5842 2975
6051 3066 4889 7716 4850 4399 2776 1980 8577 24
4076 6501 3902 6575 7144 8188 8420 7100 7620 7059
5663 149 4278 7315 1841 3684 3010 1829 7073 3145
5416 2905 2076 4468 7456 7914 70 5488 4563 4534
3946 4056 3605 7740 1473 5232 2550 56 301 2110
4108 3032 7970 3234 4607 8300 2385 7953 999 2100
4841 1869 4942 4070 2995 4830 7952 2288 6055 4800
4456 2984 1149 8015 2963 6515 6915 6009 8307 2874
6060 6065 6490 2988 4922 2717 3199 2672 2838 3696
3818 1417 702 8256 408 1160 3293 4215 1075 2570
5811 5300 6612 1604 6135 8928 776 7676 8514 4026
5820 2743 1001 2209 7894 8706 6064 4000 2956 6827
4689 6023 1620 7324 1213 1727 8378 2608 2165 2994
5688 5316 1557 6175 5726 8468 7377 5625 6241 3893
3893 5082 1190 6451 7981 4165 1745 5555 7492 4045
5313 2744 6135 314 8984 1450 4105 8227 2125 8364
3296 8409 3756 2865 8314 1748 2936 7479 2941 6863
5078 1965 2130 1629 2382 5023 3482 2723 893 4699
5150 8465 4431 147 8766 1477 5342 4066 4093 4524
5058 1642 2761 7745 5030 243 789 5970 2599 399
5889 5037 8435 6824 1892 5522 6217 2686 1267 3178
4333 4719 5639 1801 7063 7979 1647 1291 4290 5638
3982 3979 4912 4903 1073 3892 1089 2189 5332 7361
5717 8533 1705 2250 2138 7358 3656 7682 5625 3187
4488 6495 400 161 8371 2439 2305 7267 3778 5054
4134 5694 5325 1391 4247 8581 4128 4632 3489 5309
6202 7359 1876 6306 7766 7703 2998 3883 6347 3591
4471 5268 921 2548 819 4034 1618 4969 7624 5007
4227 7429 1657 5918 4042 5580 2053 5034 3573 3105
4803 6647 8834 2257 2502 7212 5112 1424 7280 5124
6119 6118 1014 7326 8480 1368 5320 6719 5351 2845
4179 4174 4730 1739 6188 1073 4185 619 858 8253
5220 7529 8861 2795 7561 4994 2181 5992 5415 5299
4950 3984 2357 2024 4990 7589 7577 5450 1469 790
4835 3888 1074 2172 6836 5275 2054 3224 4829 5043
5749 1930 1538 7203 5615 5169 6405 6667 1031 4043
5169 1631 7877 4077 2465 8481 7937 2068 5093 6819
5044 5028 5237 3258 7183 7871 1859 5249 2239 1024
6195 7109 7771 6446 5782 1166 7567 7778 1655 6349
6089 8096 4323 5700 6348 245 6766 2845 5518 3259
6129 6490 3176 1407 8388 1705 456 7720 6862 6846
2283 4294 5157 4412 1218 1462 3766 7072 458 4247
4277 353 6059 2011 8348 7345 3946 3958 4287 853
6176 2187 6876 3232 7703 1254 2994 6024 7084 5602
5679 5671 4484 5658 710 618 2718 5905 3763 362
5402 5415 5392 2667 6515 803 1149 1795 923 8646
5325 7096 4400 5166 1801 3650 7979 4128 1124 1406
5212 6077 5102 1710 7964 4205 5618 1447 4784 3238
5611 1042 6876 1372 5982 5625 6978 2187 8470 436
6187 1459 5271 7426 6653 1616 8306 5353 6973 4257
3858 7847 6946 2342 3595 3060 3035 4824 6055 3562
6419 4123 4115 8213 3914 1381 3940 249 4054 4712
5183 4467 7557 7487 1167 4736 4476 952 5187 2415
4502 4226 4786 4878 7984 2231 977 18 8998 8993
4538 7150 7147 3775 8521 987 1603 1691 7442 2181
5056 271 3894 7781 2491 6583 3738 205 6015 4829
336 4475 6160 8217 3403 3949 2463 6454 7208 4567
5672 3003 2957 5892 2909 6597 1124 6898 5923 3094
5311 5235 2305 4455 8316 8158 6112 5084 3261 5470
4703 1131 2347 3970 5429 6191 4230 6721 3422 6336
4855 8475 5124 8376 3000 3718 6829 4829 5929 1336
4208 1489 3978 7437 6206 2655 4898 5873 4876 7872
142 178 1289 3197 8256 1160 4721 2290 5456 1777
5684 1002 1227 6913 6098 6327 2844 4101 8507 7937
5041 4406 2851 7902 6387 7609 4598 1671 3062 4066
3511 3490 5607 4713 1217 5189 5687 8064 6481 3767
5796 2097 7678 5683 6661 7055 7053 1087 4888 1599
5627 4555 5103 5742 4614 5004 8576 1922 8798 5620
4335 3466 7666 4630 3560 3290 7009 2039 4308 262
4375 865 2466 2508 7334 4019 5200 5857 5214 659
5742 4310 5434 1648 8995 7695 7781 3151 5652 1982
5791 4624 7495 7308 6196 2181 232 3374 860 2795
5410 5790 7852 2588 3577 800 2835 7118 5317 4088
5307 6507 5298 1888 3758 7649 6364 5302 2788 4547
5541 7603 5911 1092 2794 5651 4925 3343 8361 1048
5254 7499 3685 3378 2269 2044 4315 3688 1675 4563
2911 5809 7416 5255 2133 5668 3594 752 3506 850
5380 3838 5548 8017 3361 7238 3713 1180 6409 6055
5581 8675 391 2584 1229 6901 973 2128 454 693
4531 4379 1742 33 1762 4636 2506 1334 4849 4013
2001 7446 6203 2599 1053 104 816 3685 5227 4146
5950 3267 7343 6171 4922 7210 6739 8295 1690 2006
5901 4731 4165 5234 7361 4274 4835 3621 4107 3821
4309 5136 4081 1231 7010 6831 7035 1260 1586 2925
4431 3952 7669 7442 3262 7292 7240 2243 6372 3775
4401 2620 5059 777 3755 3864 5620 3089 5249 3334
4231 6712 330 2437 985 1585 2432 4907 8791 7400
6237 877 6242 1757 7924 1474 4096 3155 7711 7548
5117 4044 5086 5907 4188 1339 7503 4716 7494 3519
4251 4230 4579 5409 7725 4316 7790 4517 1433 6123
5939 7685 8984 2450 2180 3264 2155 2989 6453 4256
5930 4333 2442 136 2433 6083 5493 5946 4400 4290
6853 1351 2820 7599 6128 3072 8214 2963 4086 6121
4680 4384 5853 7126 100 7056 6402 8188 6676 7059
487 6455 7604 5614 4891 1343 1467 5937 3686 6812
4417 833 4897 229 4834 2055 13 8101 4974 4095
5103 7360 1654 5088 1528 1998 4614 6631 4410 1698
5391 6334 5553 4898 1657 7429 4355 7220 6684 4103
5184 1671 302 6019 3448 8766 6093 6115 5078 2360
4953 2769 2038 6036 7875 4091 2069 6819 2122 4527
5084 6937 2305 143 3026 6112 1904 1527 2740 8023
4043 8512 8460 1772 2684 6695 8329 5437 2952 6351
5267 3389 2902 8174 2916 8083 4626 3537 7272 6155
6215 3110 698 8108 1837 4935 8931 8943 4969 615
4925 6712 3765 307 2835 3209 7008 4907 4231 6993
6180 5300 6734 5811 5956 3535 3813 6020 3129 6612
5264 1287 6867 6905 7754 6211 3259 1262 965 5096
6268 8272 1388 1698 3860 7494 1922 6858 7345 6883
4155 611 702 2369 4483 8870 6096 757 3178 5439
1468 4509 6367 1904 2934 4055 1889 7037 6784 7321
5819 1477 7538 8438 8627 7559 2319 1331 1572 6228
5010 2422 1732 6484 8999 1194 1064 6569 5897 4866
5702 1677 6129 2819 6866 925 3323 3176 6300 2907
5593 4329 7706 4034 7944 5597 7806 2009 8436 4519
4794 4793 7315 2084 4789 8431 5072 2005 2730 2767
4543 2980 6840 7068 3999 4388 6746 8876 3995 3846
3962 4703 5772 8182 2185 5687 848 3205 3997 5681
4736 5367 4525 8018 1952 5183 4507 5390 6298 1423
5980 5975 7324 1098 2222 5983 3693 3060 5332 8558
7529 5455 232 7147 2795 7678 7150 6066 5429 6166
5157 5162 458 5009 4335 4998 5309 577 2283 7340
5731 1313 6877 4887 4176 2834 5734 462 6767 795
6207 4774 7799 6934 4575 1733 1394 763 1457 2550
4290 3373 3234 8459 2085 6223 7164 5547 8209 3659
5764 1227 5716 6913 8625 5647 693 7113 5701 862
5559 5080 3421 6588 4789 2037 5181 1037 4324 4647
5124 2196 3060 7280 4102 6654 5798 2783 2106 8376
4820 5426 7191 4731 1861 6143 4635 4165 7611 4607
4642 4648 5125 6382 1127 3971 3528 3768 5130 8183
4460 1513 2949 110 4750 3659 2699 3096 4526 7486
5240 4114 8225 1411 3250 6600 2756 6825 3373 8832
5595 463 817 8184 1777 814 2686 2468 2740 6824
5726 8481 7377 6451 4101 3893 1190 7981 1557 5332
6127 4770 511 4179 2476 4730 4784 6484 1739 8254
5028 5044 2206 7183 4930 7871 1859 1774 7267 7906
4845 7085 1723 6012 3078 8890 6607 3874 1863 6676
5394 2262 3015 6087 5376 5175 5390 696 5071 5002
2100 8426 4332 7953 3644 4195 4102 4443 7108 4435
4874 1982 7342 4259 4865 6096 998 4852 3024 7446
5987 7787 1939 1102 3278 3035 5974 3583 6629 4173
3158 4379 1334 4383 4531 7310 6795 2885 1762 2832
4175 1254 1634 7084 7518 7109 1466 3454 6163 1992
4186 5895 4108 4133 4195 7721 7970 3546 4102 8300
5021 12 4848 4313 3968 5003 5288 4358 1869 8849
2783 8819 6276 2414 7038 435 1 5277 3936 8480
4967 4924 4848 796 4905 8486 4982 431 7630 781
5008 1482 8255 53 5015 270 4326 1323 1675 2940
4802 6761 6199 5554 1046 6265 8977 1277 3855 6489
4492 3745 1412 6426 5309 2452 5792 5488 8468 6406
4445 8357 7663 6494 4509 112 7737 8171 275 6087
5625 1372 6978 5982 1094 2078 5422 3187 6078 8324
5890 4491 2734 4447 2582 5730 8532 1640 1562 8394
5306 3782 7792 4944 1885 414 1896 5514 403 7827
3565 4682 3705 3648 6280 4846 8289 8133 8467 3647
4055 2934 1679 885 5186 8606 4433 7005 6052 2267
4647 7199 4164 7110 8833 5358 5559 6584 4129 8608
5721 8999 6819 3695 4953 5093 893 5601 3600 3002
3831 3046 3859 5142 2592 677 6046 7882 2605 4947
6074 3051 4699 2745 4260 5382 3210 3270 5496 1965
4776 3118 7608 8760 7525 1490 6856 4555 5064 4609
6236 2960 8188 2777 7834 6408 1352 4076 6152 7056
5177 8431 4537 1158 1539 1703 2005 504 4296 4430
4521 5609 6366 8095 4777 734 8878 8818 8995 4894
4936 3983 7165 7377 3004 1557 1211 1124 8150 7054
5888 3311 1160 4215 1075 661 5664 2467 5412 8678
3942 8598 2304 6921 3645 6951 625 8364 1962 3195
6680 8477 8918 7792 1349 4364 2785 7077 6932 6555
5224 7799 1457 4343 3610 6934 2056 7455 6760 1733
5562 4623 688 2066 8855 5253 7518 4227 2751 6347
5387 6023 1529 456 6129 8315 8611 5659 5699 6326
6277 7482 8330 1514 3224 2332 8335 2960 2381 8409
5261 8464 7562 4631 4508 859 2949 7555 7280 7174
5206 7666 3500 6885 2113 928 7513 1578 7627 8289
4395 1264 2934 1675 4367 4374 7701 3118 6457 4326
5724 472 8187 746 7116 391 7535 2128 5706 6971
5004 5615 1027 5755 7267 5543 4488 1694 4476 4112
4796 8173 1194 6249 5647 1825 4293 3479 2469 8485
5153 5335 4364 5570 7284 7847 4505 7945 3562 5345
5394 7255 2262 2461 3921 4444 3139 3518 7501 5716
4859 6861 1990 5448 8059 3757 7739 5497 3093 161
3859 3315 5249 1602 8247 993 2416 5456 7760 6893
4107 7768 243 5824 2229 5047 4517 1636 7487 3935
5577 5381 3692 312 6255 6417 6046 2761 5554 8274
5088 7360 6914 2831 4033 6326 1681 5718 2055 4417
4788 1848 7989 6894 6419 4604 6071 7878 4197 942
4601 2367 8851 5872 2890 5221 7167 5877 7990 6922
400 4421 5154 8883 4933 6412 1185 1330 5595 1326
4884 7064 1215 6532 4431 2271 6228 1572 3045 6992
4177 8362 7584 5908 1625 2146 6990 4336 83 7566
1994 7914 6749 5184 7539 1235 1880 262 1640 3385
5097 2066 3164 5357 4819 4343 6741 6995 2887 3117
4518 5774 2058 313 7197 3686 3148 4542 2661 4220
5342 7442 1611 415 8327 7657 4431 6407 6372 4750
5327 4376 4555 8053 1708 3909 4299 7530 7672 7613
5874 4116 6559 7614 8322 7073 8509 1228 7162 6623
4751 4763 1868 669 6771 3507 4379 7490 2520 5522
3890 6532 4222 7864 6202 1416 8524 3238 2133 3589
3875 3979 439 6360 1064 7675 3330 4818 944 2405
4224 282 3503 2035 721 6937 504 2048 7833 1133
368 430 3023 1905 3930 3523 689 3390 2538 3582
4585 4383 5834 1785 5514 8134 4602 7202 4373 1601
4151 7980 5496 1933 5396 4480 6704 7558 8144 4600
5674 6120 4265 6974 183 664 3728 1874 1051 5030
1229 5701 6901 5581 391 5764 4364 6849 8648 5570
4677 4689 5909 5217 4184 7825 2493 2512 175 5653
6166 5931 7673 6174 1380 7013 6661 7678 8332 3165
5605 1010 4459 7728 4856 6068 7777 1501 6238 2699
5266 8376 1293 7006 471 2857 3397 7929 7212 3162
3887 3089 3583 3889 2861 3479 4888 8996 5059 4505
4798 1064 4923 5648 1365 6688 6532 5914 7374 1310
5606 3799 6516 5591 7382 6438 3658 34 2726 7356
6244 630 7161 4116 6623 2641 7159 4618 1041 6336
3926 3928 7663 3388 7969 4518 3077 2882 2509 747
6235 5682 1400 8949 7743 5253 4887 2961 1670 143
5833 5530 7630 2041 4313 4924 7645 431 3792 5532
5749 1825 16 8173 6445 2469 4382 6638 7165 1369
4088 26 6468 7852 286 8818 5054 8606 8685 7118
3860 3826 5095 5357 5958 2673 7494 7503 7504 6576
4764 2565 476 5443 1667 7274 2149 630 4116 7385
3879 3137 5080 853 4565 3888 6117 2377 4927 5190
5629 1510 1434 7677 7607 1788 5615 6229 1726 5103
3176 3732 6102 1661 5922 7649 1246 1018 637 7040
5781 5253 1356 2131 7193 8388 5699 3744 8511 5801
4689 4677 5217 7825 4184 2201 5699 6023 8751 5800
4066 1690 1665 4079 7512 3393 3673 4523 7657 908
4931 6384 1121 7186 7972 1942 7509 5345 5845 7827
5550 1726 7625 5268 1489 1647 418 5984 35 8134
4694 3524 8751 7310 3610 4651 3424 4343 7497 6934
5537 6108 2577 8169 8806 5505 5371 2763 5583 5549
8183 8988 6532 4940 1867 1691 5914 3412 2556 5475
4727 6275 5837 8130 5840 4629 7011 4579 4251 5386
6046 2112 7882 2737 7263 3692 7556 2825 7873 5457
5838 2474 6293 8573 29 8362 8436 6644 7033 134
3987 2725 342 5339 2177 1688 7335 3072 4311 8549
5610 4475 5081 3479 715 192 2179 5169 514 5071
5354 4579 6553 8202 4351 274 3293 4394 4870 8130
4526 6706 5622 1450 6407 5143 6552 1206 3817 7982
4201 4054 1507 7438 5843 2222 7850 7158 8301 2170
5463 6467 1170 7091 6107 4831 2080 5436 1109 6326
5746 944 7284 1965 974 3051 27 2405 7847 3612
4421 2794 373 6837 1408 8547 5311 3446 6412 611
4507 1450 4427 5143 3211 1808 2782 2617 6041 2304
6125 1644 8351 1244 6698 8359 1577 3147 4854 8383
8030 3118 4367 5475 5112 6457 7374 7497 6534 5868
4188 5086 171 2447 1932 5194 2073 2215 7983 6094
1039 1890 7767 4167 8299 3835 7029 7264 2079 3954
5805 6482 3131 2814 1889 15 748 4980 1198 518
4614 5103 4851 4410 5378 7991 5088 2055 5741 7089
4215 6865 5066 1246 7392 7040 6692 1594 1417 1075
4205 1148 6071 6674 8023 962 4788 2932 1710 8335
4250 3797 7165 830 5258 2938 8601 6088 5710 2844
6149 7703 4818 5952 7374 5086 2959 2998 2216 5885
6000 7393 5745 6909 2537 7082 5163 8020 7501 6968
5452 6337 404 5275 4921 2964 1557 6688 1365 5648
1762 6669 5527 4500 7456 3131 3232 5721 4383 7165
5756 5928 4018 7073 1311 5492 3296 7019 1505 6882
5495 1778 5990 1731 3219 2684 1345 7078 1274 4289
5940 8430 2116 2107 1500 8039 2545 2017 1473 2931
4190 403 4559 201 414 4279 2278 4607 8180 7966
5318 1668 2160 7401 4223 4422 8444 8064 1702 1897
4427 3139 2919 1036 6041 5301 2748 4050 8690 3645
4262 2491 271 8439 7919 7542 4723 7485 1770 7687
4745 6243 2048 4500 7691 5194 7294 8056 5686 2184
4062 3938 1266 6559 3939 4641 6713 3650 3704 7264
3080 6018 479 4626 7200 6843 1607 483 7539 722
3901 4189 1673 4366 8329 7542 5910 4531 4412 8994
6173 6171 2567 5382 163 7597 287 1314 8532 8149
4478 4634 985 8791 6570 7842 2213 5141 5549 7511
3277 3732 7047 7040 1246 3696 1888 2059 2696 49
5597 5354 5593 5070 7542 4038 5940 1745 4764 6836
3885 6410 690 8448 7907 4636 1759 1771 8512 5580
4673 2385 999 5885 3963 8421 4607 3241 7407 6989
6134 2056 7767 2040 5699 8429 7455 1890 6755 5202
4896 4879 4943 5250 7810 4347 1145 7020 4963 1635
6253 5669 417 8899 2005 2541 8431 1511 851 8757
5086 4733 5102 6077 4010 6934 1733 965 5117 2061
4895 369 256 2712 512 3933 5142 1850 3849 7760
5112 2721 5438 3736 4270 5475 4367 4273 1892 397
840 2213 4623 2612 3989 7518 522 2590 527 4728
5740 3202 671 2523 4222 7860 2133 7098 3506 3662
5144 5139 3690 4513 3809 1806 3443 5152 4553 2221
4544 3315 5249 5442 5626 7944 252 8333 3046 2971
4622 7326 2738 7177 3875 4941 5275 1136 221 6056
5579 5395 1569 1749 8024 1271 7812 7506 2230 3405
6211 7812 5096 1567 5105 213 8330 6148 7021 7878
5813 6811 134 2030 2989 7854 2217 6400 2474 83
4158 3797 1460 1712 1638 2469 7844 8370 1517 3038
6271 6283 8838 8873 4805 431 4042 5841 8618 8309
6027 2247 7175 8018 904 2090 8496 8560 7716 4736
5098 5466 4875 5099 4233 7871 1240 182 2239 400
6004 5638 7974 5492 1473 5756 1738 8430 7420 6894
5229 1293 1230 7006 7876 2064 7407 6748 4979 1147
5023 5146 2382 8477 5078 8875 3062 1159 7456 1047
1183 4765 5497 1655 4700 6541 3104 1254 7109 5640
4619 6809 2896 6822 7332 7833 966 1447 1956 1585
1726 5147 7625 5062 66 2514 6969 143 7636 1240
4245 8006 1723 6676 7380 4661 4234 2166 7563 8529
4851 4477 7991 4934 1630 5088 4930 4410 5044 4402
5598 7433 2122 315 6012 687 4905 4924 6005 1420
4862 4869 1311 4196 3676 4979 3743 8303 5092 8016
4017 2185 7446 5652 1507 4865 6581 7438 1636 1635
5039 7908 1961 1082 3042 490 5608 1083 5301 3047
5060 4354 7185 2604 634 8268 5628 6648 6655 4443
4912 4903 3982 2930 5210 6503 1260 3979 441 1159
6326 4705 7733 6636 7058 5088 3273 2055 4382 2831
5430 7093 2111 143 5590 6472 3406 5084 4464 6467
4100 8112 8191 1608 3473 7815 1680 2963 1142 3495
4403 3859 4614 242 7938 4851 5839 8689 3046 3996
5882 6674 1447 5350 7065 6904 2732 1115 1387 6370
4748 4545 1413 5566 3883 6694 138 2708 5361 6202
4663 4070 8889 4236 3993 449 3908 1919 7276 48
4405 7829 8382 4461 8520 4536 1591 3773 8227 5421
4758 4488 1904 7765 4509 1400 2439 161 800 4382
4125 6607 532 8584 7635 7582 1750 6676 216 7616
5568 7258 4835 7080 5907 5117 3325 2491 5901 271
5507 3194 7769 3250 1967 8530 8240 7365 1491 1587
4536 4081 1574 2692 1154 5339 4309 1599 8280 7010
5131 3573 6687 5918 2504 3543 2990 1123 3052 959
7721 4102 1600 4186 983 965 5102 4165 8300 6068
4914 3629 2561 4396 1978 4457 4456 5033 5401 6321
1756 5965 5748 1515 2282 576 1137 7469 7971 7633
4528 8008 210 5574 21 2689 8024 2230 7411 3215
5322 8606 6052 6405 2948 6028 5270 3055 1655 7567
4476 1443 7465 4584 2846 5129 4147 358 8139 6792
5013 4992 4943 4963 312 2301 4896 6893 2241 8595
6001 3297 49 5301 1193 1569 7050 1419 8339 6793
3833 8171 6632 4291 6272 7873 1292 1333 4792 580
5516 3367 2709 6155 7166 4669 1163 1759 1734 4007
4173 6319 754 6318 7193 8469 1422 4482 3345 5860
3858 586 3035 4824 3733 3251 1223 4961 5929 817
4137 7199 5559 5358 7376 6584 8609 2220 8608 4130
5116 8457 1754 3642 7294 7180 279 6889 6208 6733
4732 2455 326 4742 115 4370 3404 5375 979 1711
4222 6654 3589 4849 1345 4847 1691 8524 3609 2133
5607 1707 7431 2811 4307 1092 5541 8547 909 7775
4573 4580 3646 8247 187 7810 1145 7342 8578 1635
4600 7742 1770 4075 4618 7970 4641 2028 5040 2998
5633 5541 6993 6982 3333 3691 8391 7604 2055 4938
5363 3732 3281 4724 5751 429 3166 2731 3421 5436
1912 1331 6343 2059 2390 6646 2707 8910 3250 7134
4821 2726 34 7574 5384 310 943 7746 864 5725
5064 5466 1240 2267 1612 8505 5098 4372 4777 5028
6265 5772 2728 1046 5681 7612 3153 7472 5975 8600
4992 4943 4963 5013 312 4896 4973 6873 6893 4878
4324 4044 8242 6728 7740 4253 2045 5181 5894 4789
6227 984 2818 8512 5267 3673 6043 1690 6915 3206
4639 2547 4811 1815 3310 1230 327 6514 6748 1440
5591 2398 3799 8653 8813 2141 3226 2355 4 397
5040 3863 3916 5222 7075 4443 8615 6648 4641 8206
6252 3767 7382 4556 4587 8829 3536 1634 7281 3761
6010 7518 7901 1494 6250 8972 3474 2093 4857 7109
6266 103 426 2640 4038 4064 6648 4124 8426 8701
5767 627 3171 6716 3483 1097 2683 1511 1042 3516
5927 33 2506 4013 8413 7044 1722 6360 4965 7609
5341 6541 748 5442 1183 3366 6618 5326 1633 2754
4101 119 3718 2413 8299 4618 5726 3939 245 4102
4908 4909 8114 3439 334 3470 7809 3276 2921 1579
4399 2069 5614 54 2122 3232 7905 7645 7646 93
4623 2066 6508 1181 6741 5562 4819 2410 527 8451
4480 5396 4151 2531 3275 2750 2273 2833 3020 7591
4225 5580 3932 3100 4227 5672 3620 2053 2410 446
345 1329 6659 3150 7228 6649 243 2599 1053 5906
4147 5211 7487 7608 5054 8170 6761 2752 5051 1984
4119 2597 480 152 8196 5130 4042 4346 5526 1901
4194 8036 1205 5897 4798 1879 1478 8485 6443 1064
5235 5311 2378 2920 3685 4315 6776 4500 6112 3526
5334 2271 6532 2756 4979 2990 7728 6303 2692 6302
4060 4310 7487 5128 5675 1196 7404 5129 6469 1030
5350 2811 5882 1675 2959 909 7318 3964 2270 1615
6222 8215 8216 3795 1569 3397 7444 7282 3329 1533
6208 4695 1529 6889 2184 5387 7241 7180 8315 8378
5411 8602 4429 2306 5156 5052 2756 3373 7662 6825
5733 8538 6083 6868 1798 7589 6223 7670 4937 6343
4676 4616 1175 8318 6335 4674 5553 860 7173 5761
4618 7161 4641 4102 3863 4165 8387 4115 4075 5426
4585 7202 4268 5432 4391 6315 5592 3389 6800 4460
4525 5175 8599 4083 5241 6823 6082 1029 108 5143
4986 3197 2789 7741 8350 1423 6781 888 3748 7787
5051 2239 6858 6874 7871 6962 4467 5129 5098 1220
5775 1675 6601 8196 3052 1419 5131 3109 3346 1569
3863 5040 4618 4641 7884 389 3865 6149 7766 7453
6234 3218 4619 1831 679 1908 2896 5619 7653 4510
5438 8459 3533 8313 4600 1357 1867 3858 1662 7747
3966 3965 8472 29 2474 377 975 134 6644 8022
4829 3501 4314 7324 8527 6774 1917 4855 4889 5086
5333 7798 843 2256 1685 1195 5251 6285 5514 1134
4234 4042 8529 6430 1723 8006 8196 4227 4135 563
4495 6064 1001 5589 703 7064 1851 2579 7774 6354
5571 2625 2869 6888 857 1385 5572 7581 6821 5386
4765 3104 2737 85 4700 4713 6551 5674 7637 1318
4800 5785 5779 3074 5724 5736 731 1308 2678 2290
6018 3267 2116 6043 2658 2410 5553 8243 3700 1872
3118 2063 624 5319 2138 7518 2016 4546 7330 2166
5331 5262 6812 1343 5699 1388 5675 7607 1922 1889
2234 3461 3600 5800 7184 4818 1656 1437 1067 3832
3831 5142 4502 3859 4895 1602 1850 4549 7760 5456
5525 5827 1170 1329 6342 6649 739 8385 2674 856
5928 7865 5756 7073 2215 3435 4018 1178 1437 6433
4740 2171 7942 2057 2494 7272 269 6922 8210 4214
5832 8696 8643 5609 286 7136 4363 2551 2377 2478
8448 3590 4775 1529 4877 7496 3642 2738 7091 8378
3166 3140 3502 4726 3971 3963 4171 4724 1311 3191
5324 1609 5488 8073 5678 5670 2734 4047 7312 1649
5488 2452 3745 3389 4391 4563 7456 2872 2765 7688
5803 8843 3219 8530 603 7256 3246 2361 2387 7379
4496 8133 5000 6536 6531 5609 4668 7461 1204 3648
5471 1499 3420 7479 1909 3685 1516 2297 1141 7351
6251 6068 1010 119 1770 1336 7970 6829 7681 5885
4086 3760 1548 7815 2113 8112 7043 7049 4867 8258
6034 4326 1058 6806 6736 1198 4489 8371 7578 4031
4812 2361 8843 8265 3357 6692 3103 4664 3219 1018
4801 23 615 8129 7245 2052 535 1601 3302 8413
5952 6149 4514 7703 6707 6750 6608 6534 6113 6259
5822 2011 7345 7753 4420 2049 3053 4176 5675 2836
6151 7992 8413 7083 7624 23 8331 1560 1606 8844
4270 2397 2721 1446 3902 5652 5742 7011 5239 8995
4687 5961 6281 917 6640 7912 4583 2679 7160 3504
5377 8159 5387 3004 5602 6163 6877 5315 4188 5659
4787 7662 1428 244 4515 3156 685 7246 2678 2294
5878 5192 473 2542 5877 6644 8570 7487 58 1530
6188 303 4987 7738 7988 4770 4185 858 1739 1073
5943 1028 1639 1538 1517 1350 7881 3998 3809 7870
6224 172 1251 1493 5061 1772 7173 1305 1654 4296
7233 1953 8047 5747 5982 1310 7963 6385 6863 3743
4255 3568 2690 3370 5619 3440 2257 4100 3190 3292
5173 8464 7521 4631 5261 2706 7562 4149 2942 3764
5012 5342 4750 189 2829 4051 6699 1374 4892 799
5015 3197 1699 1669 6920 8224 3184 8236 1988 6953
6043 2875 3444 3700 5553 3267 4898 5267 6018 6428
6233 1518 1286 6970 6902 3272 1864 6723 7428 6634
6269 3192 2197 2349 1227 5115 6053 7408 5760 2931
6217 812 5437 4517 3125 3656 1620 5297 4579 2170
4455 5311 4506 3685 3470 3401 6112 4421 1158 6620
6052 8495 1493 5322 5129 2672 1950 1646 7250 3188
5079 3513 6642 5070 7237 7624 7719 8573 4118 3507
4511 5100 5099 4483 400 63 4512 2939 2713 4555
6163 4175 5377 6380 7703 5145 3247 2770 8429 1600
1112 3947 6296 7120 2747 1490 3488 4316 3150 8298
4984 6020 1411 6825 2802 6072 1007 6104 3616 6600
5661 3594 3413 5255 5944 8463 1571 4808 2822 7830
5873 6642 5268 1436 971 7898 7872 4371 8305 3634
4247 8508 1522 1526 4340 5663 8126 4242 5637 1469
3960 4928 2338 6122 8814 4199 3364 5817 6790 2308
4132 6687 4127 3052 7199 6271 8863 2622 2675 7026
5692 5948 1077 4422 1443 5297 7465 4467 537 5437
5027 8700 6950 5128 3851 4359 4030 3919 161 8592
3983 3883 8508 1124 1526 6306 7913 4920 4953 7916
5462 5713 2842 2762 5421 3645 4405 3139 4427 8227
4939 7170 2191 5166 8203 7256 7579 4958 8459 854
3957 6452 5319 4007 7101 5095 6302 1055 1111 1173
4063 7126 6630 7399 4144 8399 3848 96 662 8569
5802 157 7164 3615 604 2085 1483 2405 1480 6878
5752 5921 1777 6606 7959 6942 3215 823 1427 6629
4096 3307 6237 3079 1247 4100 6940 5206 8208 8383
4410 4934 5378 4477 6404 5109 1998 8355 4451 5878
4212 7945 4827 2012 3030 3845 6574 6932 1346 3939
4933 5888 1075 2238 4502 4298 675 8139 5075 8870
5778 6712 4164 7708 1626 146 1058 4938 874 2423
4254 3978 1742 2479 4208 5644 6206 8769 4294 4545
3865 2549 4115 590 8406 4604 6392 1861 4063 7074
4550 8599 7008 2302 4095 800 5789 2235 8385 6233
5118 5111 5653 4689 5958 4184 1213 6023 6767 6451
4081 4087 1154 2113 8280 2273 1586 4222 4536 1231
4010 7177 4575 8253 965 4818 1855 3060 4377 4339
6231 3926 3284 5701 3928 5512 1495 8718 8891 1940
6220 1040 6007 1511 3531 7986 8631 3208 2835 8308
5635 7233 2138 2037 1953 1037 5982 3255 1035 1178
4856 447 913 3704 8985 3938 3615 8888 3650 119
4629 5840 8182 1887 7319 7248 4009 6988 5356 7920
4819 1116 4625 6741 3463 4655 8434 3881 1441 4775
4057 5159 584 7572 5365 6396 5848 2946 4454 8042
5154 161 400 2439 6050 6936 1192 5298 6413 4933
4708 8572 8218 2136 2494 269 2709 6679 2895 1395
4287 6754 8609 8608 7110 4527 6478 8736 8355 648
5810 3994 2372 8136 2844 1787 3884 5039 7238 8063
4458 3264 8010 1432 5077 3098 4043 4825 2771 5093
5135 783 4298 6298 1110 4933 5719 5075 6412 5179
5994 4457 7045 5156 6209 2897 4717 1978 5784 7647
6218 7728 5605 1010 1426 6663 3156 2699 3650 2990
5747 6863 1310 7864 7926 5982 3805 8047 2103 3743
3855 7825 102 8087 6255 717 5118 6199 5111 8286
5217 4689 4677 5699 2165 4184 7496 8204 3396 8005
5834 5510 4127 715 2600 3496 5278 2234 7184 3052
4427 6843 8507 3139 6506 1169 3112 1573 6087 5697
5753 5758 1568 6001 6539 7862 4862 3297 6514 1569
4932 8901 8898 64 797 8894 5 321 55 813
5730 90 5667 3284 4898 2734 7220 4826 1495 4534
4098 1733 4680 3832 1736 4063 4716 7074 6630 4733
5580 8174 70 4227 4748 5721 7151 1629 3978 3164
4075 4064 41 8864 5426 2052 6429 7675 8229 8300
4195 1770 7742 7795 3916 439 944 2100 4600 546
5647 8625 2342 8761 2469 3039 8744 6055 2069 8820
6838 1292 4095 7099 315 8101 4166 2606 1518 5383
3949 7168 5032 2225 5313 5231 336 3447 3213 4757
3869 3997 3962 6450 4926 3103 8114 7671 4918 4213
4109 2955 7533 5719 8600 5243 5292 2090 2238 8139
1122 1433 2112 6328 1387 7962 7263 6248 3257 5171
5421 7831 4508 2690 737 5240 3687 3568 2257 4405
4710 2203 4640 3519 1447 7472 7929 7754 4945 4351
4755 5827 4265 3841 985 6799 8013 7842 4668 5084
6099 782 2925 1233 6816 3517 3568 3370 3292 4100
5161 5648 6249 1365 4210 4923 1064 606 4207 4798
4508 737 2690 3596 2002 8845 6228 7647 2855 7831
5408 7914 1994 3071 4905 846 2469 2796 6231 984
4695 1427 6208 6030 6606 343 7901 4901 5590 1874
4725 82 4603 5898 3425 1739 6332 619 2040 3177
6094 3127 6760 1074 6176 1394 2187 3450 3141 4196
4893 1705 7720 3536 2250 4960 8533 7358 5353 7241
5056 4629 2186 2115 7920 4635 7011 761 590 7754
5187 8514 1513 1054 2617 6135 3925 3458 5823 7096
5037 5889 2016 8140 5564 3178 4595 5386 2631 6916
4763 4379 2976 7979 1601 3913 4531 6360 2506 7566
4256 1485 1684 5610 1631 342 6359 802 1222 8549
5496 3119 1632 157 7284 5746 6775 5802 4699 8967
4265 6799 1362 4755 4464 5827 3886 4831 3091 8451
5076 3721 1459 5080 1705 5177 6050 1463 5482 5962
5569 8378 3590 5167 5686 4575 3224 1727 4652 633
5636 4699 2931 4241 1933 1988 8967 7980 7275 85
5506 6328 8444 2747 3484 7855 1122 8386 2247 7725
6177 4519 1788 3258 6282 2605 8454 7944 6759 8499
4238 901 6820 3580 8466 8537 772 2238 8093 6824
3892 3313 2765 2431 5320 2832 4268 2964 6125 6998
4709 6104 4678 5300 1244 1716 6698 3535 5461 2096
