 15 6 0 1 103 64 13 22 68 18 1 8 50 53 48 71 20 6 8 20 17 63 107 59 2 7 16 27 26 25 74 70 21 19 5 12 127 56 2 10 126 41 14 23 69 34 21 41 65 20 44 88 33 25 62 36 0 10 72 97 32 25 33 23 35 49 18 26 107 59 13 12 96 24 16 19 66 55 25 57 45 21 30 68 51 55 46 18 0 6 30 52 45 77 53 19 52 41 19 35 46 37 21 30 31 23 44 40 32 38 29 40 20 33 35 9 19 31 29 16 1 8 13 16 73 39 21 6
 26 5 10 28 10 50 77 44 30 18 13 23 40 40 30 43 76 21 23 20 44 45 49 44 98 13 0 0 0 12 25 46 24 16 71 85 10 42 33 25 74 33 50 26 11 38 33 48 78 23 22 27 6 59 56 51 100 36 10 0 2 10 16 55 21 7 36 38 8 45 112 56 55 36 38 50 46 55 78 50 52 84 57 62 19 30 37 32 59 100 38 0 0 0 22 41 16 49 32 13 32 27 69 30 17 11 20 20 66 85 57 32 24 25 14 16 14 46 109 77 31 35 18 4 5 0 80 81
 133 69 39 0 0 0 0 62 47 67 88 47 2 8 8 20 7 42 87 46 1 9 6 2 13 44 53 30 15 16 7 2 86 77 69 22 0 0 0 46 84 114 79 33 8 9 8 12 59 50 61 48 26 31 13 29 71 42 30 20 34 22 18 36 57 37 26 26 0 0 51 77 115 44 15 12 8 12 42 104 69 33 7 15 52 53 32 52 78 69 9 11 29 34 18 30 51 38 7 0 0 0 42 79 59 33 0 0 14 9 35 85 29 28 9 17 78 36 16 31 64 70 14 14 39 19 11 3
 33 25 50 33 30 13 31 47 15 48 88 48 46 46 24 23 17 25 24 22 61 129 46 0 0 0 0 0 43 122 75 0 11 22 25 37 93 40 23 14 74 53 54 35 60 35 17 49 59 33 16 1 33 68 26 46 0 0 0 0 84 117 16 0 39 36 11 19 90 46 12 13 78 62 39 20 80 48 23 37 79 54 0 4 22 35 24 35 0 0 0 26 93 71 11 3 25 19 7 9 38 56 43 44 46 22 5 13 44 87 71 40 73 38 0 11 29 27 31 40 14 11 0 44 91 48 10 1
 85 41 49 32 3 13 27 61 3 23 75 45 4 21 36 14 0 38 62 23 16 45 32 3 0 4 24 45 30 33 33 6 61 112 98 29 0 0 0 8 31 66 106 72 14 17 0 9 66 80 80 34 25 16 13 26 15 26 39 63 40 17 9 13 101 81 45 22 0 0 23 57 86 47 26 30 36 47 32 52 113 54 17 12 39 37 22 53 37 27 16 25 59 68 46 29 60 12 1 3 0 0 47 97 54 20 4 15 63 40 31 63 70 91 18 21 54 30 7 10 67 57 0 0 10 45 55 16
 27 26 47 40 23 21 43 36 48 38 47 21 18 17 15 42 38 42 46 53 22 45 18 32 62 45 13 13 16 18 27 65 27 65 65 37 8 17 38 21 59 58 45 24 34 43 29 44 55 53 43 32 44 101 39 28 89 94 26 17 17 31 9 20 58 85 72 22 2 6 0 31 137 66 41 8 0 32 21 63 67 17 14 0 72 111 37 35 69 71 22 0 47 59 24 32 68 31 11 0 3 21 33 84 98 34 12 0 0 0 0 91 53 37 19 12 38 66 15 21 36 9 8 16 26 67 39 40
 38 7 5 62 68 19 17 28 68 29 36 62 58 19 0 56 86 23 19 37 26 14 14 52 0 0 19 44 60 36 7 6 22 13 35 93 88 25 18 18 119 36 30 59 48 24 6 55 67 26 62 120 33 4 0 45 0 2 104 99 30 8 0 0 46 19 40 50 51 45 49 18 71 32 35 39 39 50 36 53 31 20 41 101 76 62 23 7 5 2 56 74 71 61 14 2 39 7 20 27 19 47 40 24 8 27 50 47 38 41 18 16 21 44 28 23 54 55 34 13 9 5 2 48 101 47 20 13
 38 9 4 7 0 0 43 91 29 18 30 53 28 0 28 63 38 13 26 56 53 9 37 70 19 2 0 31 52 43 43 72 46 18 27 41 20 0 0 40 35 41 64 111 55 13 13 23 121 79 50 43 18 8 17 56 56 36 15 20 69 52 29 42 25 13 63 72 43 25 15 21 43 14 45 73 52 38 37 94 91 38 40 33 17 12 35 103 67 68 56 23 22 18 27 28 14 5 15 22 47 69 46 45 35 12 12 11 22 8 45 103 20 17 22 85 58 7 24 58 68 68 39 50 22 0 0 22
 73 44 2 13 48 28 0 28 71 39 18 25 58 44 4 47 67 58 24 9 28 72 35 26 54 23 19 8 15 45 46 57 67 27 19 31 47 12 0 42 33 72 55 82 89 29 0 18 72 134 58 36 20 24 10 22 31 70 67 53 24 21 13 28 49 43 16 31 46 13 0 5 42 32 10 64 106 54 28 29 124 54 11 25 37 26 25 62 39 38 40 39 95 27 9 16 45 57 13 35 34 23 12 8 42 26 7 63 59 48 38 37 101 28 11 15 19 19 19 59 35 12 16 18 67 65 13 25
 22 28 8 8 72 79 21 14 66 76 20 18 29 37 10 26 22 45 66 69 25 18 14 18 13 33 66 41 11 5 25 44 12 0 0 0 83 111 37 23 71 20 3 14 55 78 44 75 33 12 19 37 27 76 99 65 12 12 16 20 20 19 79 99 1 9 7 0 100 69 7 8 86 48 4 13 89 59 19 46 80 40 10 43 14 28 77 56 0 0 38 84 29 17 52 42 15 48 18 13 69 51 1 0 65 30 4 12 82 71 6 22 75 40 18 52 28 23 13 18 0 1 20 62 42 40 41 2
 13 21 11 36 74 44 10 3 90 81 8 22 33 23 17 24 73 46 0 0 47 61 25 19 25 5 0 1 47 69 32 41 6 18 45 61 61 51 15 16 85 55 33 12 28 43 25 85 90 52 72 14 23 38 15 46 16 18 63 20 34 64 32 24 10 35 69 54 2 7 59 50 42 82 57 13 2 7 80 74 24 48 99 27 8 13 93 29 11 37 82 17 9 11 72 43 37 15 9 10 11 11 82 72 29 14 0 0 0 0 105 82 2 5 5 16 4 7 119 37 2 1 25 38 11 18 88 38
 25 68 61 43 28 0 4 12 79 14 35 63 62 0 9 53 105 10 0 5 17 16 7 71 24 8 0 0 46 69 38 14 36 47 37 62 51 25 36 30 144 60 36 63 24 4 0 40 112 49 41 0 2 5 2 52 32 35 26 30 20 29 22 20 30 7 3 42 102 38 16 16 151 49 27 27 48 17 13 50 82 79 84 12 0 8 21 36 32 65 47 46 29 13 0 26 33 7 1 40 78 28 2 17 110 35 16 13 30 12 25 68 41 31 41 13 0 10 50 71 23 16 31 52 32 13 0 48
 71 48 29 64 31 6 5 15 122 55 30 10 5 1 0 38 43 44 40 19 9 17 15 20 7 13 16 62 53 31 20 8 96 36 1 34 77 32 3 26 126 75 72 14 4 8 24 34 53 80 78 30 21 8 14 44 5 29 29 70 60 42 19 15 94 27 0 25 74 28 0 39 108 52 43 9 5 10 51 78 45 26 60 52 25 8 36 84 6 15 47 89 42 26 12 19 51 34 0 3 43 63 50 46 66 65 58 0 3 8 60 47 5 46 71 39 18 20 43 35 2 10 26 57 35 48 46 16
 26 24 9 4 14 42 29 8 52 46 20 3 16 21 13 27 44 47 32 33 16 10 13 27 19 14 29 53 32 23 24 61 34 56 28 15 20 43 23 18 62 38 15 10 25 37 57 96 49 13 6 42 78 48 48 62 101 14 9 33 25 17 14 102 35 50 23 12 43 85 16 13 115 77 7 3 16 31 34 60 66 23 0 12 82 96 63 60 108 4 33 48 34 30 41 76 22 12 7 42 56 48 32 43 88 32 15 0 15 16 40 116 49 25 12 0 1 63 74 60 33 2 18 45 59 65 54 23
 33 26 32 13 14 24 42 42 38 36 51 21 25 26 6 52 42 22 35 49 46 52 31 39 82 55 25 14 14 11 23 47 54 50 33 15 17 27 23 39 38 49 69 33 70 53 13 29 110 51 44 23 25 29 50 66 46 21 20 38 38 25 66 64 94 27 14 3 23 38 14 91 43 25 9 17 104 98 6 53 141 57 14 18 36 32 8 47 55 34 21 73 59 31 21 17 53 11 0 6 29 17 17 75 25 16 8 22 108 56 22 26 102 41 10 14 37 26 29 51 51 17 0 31 63 44 0 22
 16 39 85 49 4 12 15 10 0 67 86 27 9 25 17 2 0 30 48 64 29 38 22 1 4 1 42 41 15 14 21 6 61 76 71 47 21 21 13 17 90 80 66 34 28 22 21 51 48 39 48 63 69 37 21 31 48 32 36 35 18 14 25 29 86 25 8 12 41 41 35 79 111 73 8 19 49 41 25 51 71 55 13 22 66 90 66 38 57 22 12 14 21 46 71 57 42 21 0 13 62 24 20 55 69 81 14 28 79 29 14 0 113 83 5 0 5 42 48 21 26 16 0 1 35 60 55 22
 33 41 26 35 29 49 42 5 55 33 13 8 12 59 64 89 103 41 3 9 16 5 14 91 39 16 9 25 55 25 6 23 72 74 32 36 13 14 6 39 122 44 10 0 0 20 22 74 87 23 12 18 19 1 8 76 24 30 27 65 60 13 2 12 73 89 26 7 5 0 5 34 151 67 10 0 0 0 0 17 84 43 15 32 27 0 0 9 19 19 12 60 75 25 13 18 59 148 32 0 0 0 0 0 109 114 23 0 0 0 0 1 70 62 12 31 30 29 12 19 25 15 8 51 36 40 27 33
 9 4 7 6 3 2 1 3 102 36 3 3 1 0 0 4 154 74 12 4 0 2 8 25 52 48 50 17 2 5 24 30 8 1 2 3 3 7 7 7 124 14 1 1 0 0 2 18 201 19 2 1 0 2 7 59 73 20 6 5 0 4 28 62 7 3 3 4 3 6 5 4 120 34 2 1 0 1 2 10 203 60 0 0 0 0 0 49 82 18 1 0 0 0 1 89 3 3 4 6 2 3 5 1 91 27 2 3 1 1 3 0 180 44 0 0 0 0 2 57 82 10 5 9 13 8 17 73
 77 59 38 17 22 10 19 45 53 70 54 23 26 11 21 52 38 57 54 42 35 4 19 32 14 17 49 39 12 10 4 13 48 12 4 26 52 34 43 86 108 43 6 27 50 29 33 74 56 21 29 44 89 63 41 49 53 21 29 22 21 28 36 52 34 22 0 56 86 13 18 33 138 73 0 43 55 21 11 40 96 27 5 2 43 97 67 48 27 9 6 4 29 60 56 54 25 53 22 39 68 18 9 11 125 34 3 14 39 20 13 41 97 45 15 24 45 31 16 31 3 4 12 30 60 36 10 5
 40 28 13 3 12 16 21 45 45 17 14 31 45 24 22 29 105 18 9 21 24 11 10 81 41 9 1 85 67 0 1 43 61 51 9 4 19 29 32 62 57 21 0 17 66 84 39 49 137 32 27 42 45 24 19 55 35 13 22 93 115 0 0 11 90 65 6 0 9 21 23 43 69 24 0 0 18 69 79 65 56 23 19 41 51 67 78 53 16 3 16 71 99 67 26 23 67 26 23 5 11 13 19 74 59 47 49 1 0 12 34 49 20 42 15 2 25 69 46 18 4 2 1 4 35 92 60 22
